43  void
45  main
46  (
47  )
50  {
27  int
56  a
60  ,
56  b
60  ,
56  c
59  ;
27  int
56  a
59  ;
27  int
56  A
48  [
52  4
49  ]
48  [
52  5
49  ]
59  ;
27  int
56  B
48  [
52  5
49  ]
48  [
52  4
49  ]
59  ;
27  int
56  A
48  [
52  10
49  ]
48  [
52  10
49  ]
59  ;
56  C
48  [
52  2
49  ]
48  [
52  4
49  ]
7  =
52  3
59  ;
56  d
7  =
52  7
59  ;
40  if
46  (
56  a
8  >
56  b
17  &&
56  c
18  ||
56  b
10  ==
56  c
47  )
50  {
56  b
7  =
52  11
59  ;
51  }
38  else
50  {
56  B
48  [
52  3
49  ]
48  [
52  3
49  ]
7  =
52  2
59  ;
51  }
44  while
46  (
56  b
9  <
56  c
18  ||
56  a
8  >
56  b
17  &&
56  a
47  )
50  {
56  a
7  =
56  B
48  [
52  2
49  ]
48  [
52  22
49  ]
59  ;
51  }
51  }
